1.80035 0.0078125 -0.994443 0.00555709
1.80035 -0.0078125 -0.994443 -0.00555709
1.80053 0.0234375 -0.983468 0.0165317
1.80053 -0.0234375 -0.983468 -0.0165317
1.80088 0.0390625 -0.972918 0.0270823
1.80088 -0.0390625 -0.972918 -0.0270823
1.8014 0.0546875 -0.962948 0.0370516
1.8014 -0.0546875 -0.962948 -0.0370516
1.80208 0.0703125 -0.953601 0.0463992
1.80208 -0.0703125 -0.953601 -0.0463992
1.80292 0.0859375 -0.944999 0.055001
1.80292 -0.0859375 -0.944999 -0.055001
1.8039 0.101562 -0.936837 0.0631625
1.8039 -0.101562 -0.936837 -0.0631625
1.80503 0.117188 -0.928741 0.0712593
1.80503 -0.117188 -0.928741 -0.0712593
1.8063 0.132812 -0.920453 0.0795468
1.8063 -0.132812 -0.920453 -0.0795468
1.80773 0.148438 -0.911764 0.0882356
1.80773 -0.148438 -0.911764 -0.0882356
1.80932 0.164062 -0.903345 0.0966552
1.80932 -0.164062 -0.903345 -0.0966552
1.81107 0.179688 -0.897659 0.102341
1.81107 -0.179688 -0.897659 -0.102341
1.81221 0.189854 -0.89039 0.10961
1.81221 -0.189854 -0.89039 -0.10961
1.81317 0.197644 -0.89039 0.10961
1.81317 -0.197644 -0.89039 -0.10961
1.81492 0.210938 -0.880536 0.119464
1.81492 -0.210938 -0.880536 -0.119464
1.81713 0.226562 -0.872349 0.127651
1.81713 -0.226562 -0.872349 -0.127651
1.81949 0.242188 -0.86401 0.13599
1.81949 -0.242188 -0.86401 -0.13599
1.82204 0.257812 -0.852738 0.147262
1.82204 -0.257812 -0.852738 -0.147262
1.82489 0.273438 -0.847616 0.152384
1.82489 -0.273438 -0.847616 -0.152384
1.8272 0.286489 -0.850171 0.149829
1.8272 -0.286489 -0.850171 -0.149829
1.82859 0.294239 -0.850171 0.149829
1.82859 -0.294239 -0.850171 -0.149829
1.83039 0.304688 -0.841698 0.158302
1.83039 -0.304688 -0.841698 -0.158302
1.83354 0.320312 -0.820309 0.179691
1.83354 -0.320312 -0.820309 -0.179691
1.83724 0.335938 -0.81191 0.18809
1.83724 -0.335938 -0.81191 -0.18809
1.84078 0.351562 -0.832572 0.167428
1.84078 -0.351562 -0.832572 -0.167428
1.84278 0.363781 -0.819642 0.180358
1.84278 -0.363781 -0.819642 -0.180358
1.84449 0.371621 -0.819642 0.180358
1.84449 -0.371621 -0.819642 -0.180358
1.84766 0.382812 -0.782747 0.217253
1.84766 -0.382812 -0.782747 -0.217253
1.8522 0.398438 -0.782319 0.217681
1.8522 -0.398438 -0.782319 -0.217681
1.85635 0.414062 -0.791815 0.208185
1.85635 -0.414062 -0.791815 -0.208185
1.85859 0.424234 -0.749352 0.250648
1.85859 -0.424234 -0.749352 -0.250648
1.8612 0.432037 -0.749352 0.250648
1.8612 -0.432037 -0.749352 -0.250648
1.8668 0.445312 -0.727974 0.272026
1.8668 -0.445312 -0.727974 -0.272026
1.87204 0.460804 -0.721841 0.278159
1.87204 -0.460804 -0.721841 -0.278159
1.87505 0.468631 -0.721841 0.278159
1.87505 -0.468631 -0.721841 -0.278159
1.87885 0.476562 -0.690974 0.309026
1.87885 -0.476562 -0.690974 -0.309026
1.88607 0.492188 -0.666858 0.333142
1.88607 -0.492188 -0.666858 -0.333142
1.89022 0.500719 -0.638947 0.361053
1.89022 -0.500719 -0.638947 -0.361053
1.89483 0.508432 -0.631199 0.368801
1.89483 -0.508432 -0.631199 -0.368801
1.90258 0.520998 -0.594202 0.405798
1.90258 -0.520998 -0.594202 -0.405798
1.90804 0.528628 -0.594437 0.405563
1.90804 -0.528628 -0.594437 -0.405563
1.91544 0.53863 -0.5343 0.4657
1.91544 -0.53863 -0.5343 -0.4657
1.92223 0.546514 -0.50217 0.49783
1.92223 -0.546514 -0.50217 -0.49783
1.93037 0.553375 -0.476733 0.523267
1.93037 -0.553375 -0.476733 -0.523267
1.93923 0.561105 -0.446619 0.553381
1.93923 -0.561105 -0.446619 -0.553381
1.94708 0.567163 -0.435593 0.564407
1.94708 -0.567163 -0.435593 -0.564407
1.95771 0.575274 -0.383549 0.616451
1.95771 -0.575274 -0.383549 -0.616451
1.96629 0.579634 -0.379773 0.620227
1.96629 -0.579634 -0.379773 -0.620227
1.97656 0.58524 -0.320202 0.679798
1.97656 -0.58524 -0.320202 -0.679798
1.9913 0.591355 -0.257067 0.742933
1.9913 -0.591355 -0.257067 -0.742933
1.99932 0.593985 -0.257067 0.742933
1.99932 -0.593985 -0.257067 -0.742933
2.45011 0.0078125 0.991499 0.00850083
2.45011 -0.0078125 0.991499 -0.00850083
2.44985 0.0234375 0.973857 0.0261434
2.44985 -0.0234375 0.973857 -0.0261434
2.44928 0.0390625 0.957814 0.042186
2.44928 -0.0390625 0.957814 -0.042186
2.44847 0.0546875 0.952937 0.0470634
2.44847 -0.0546875 0.952937 -0.0470634
2.44773 0.0703125 0.955105 0.0448954
2.44773 -0.0703125 0.955105 -0.0448954
2.447 0.0859375 0.953301 0.0466985
2.447 -0.0859375 0.953301 -0.0466985
2.4462 0.101562 0.936893 0.0631073
2.4462 -0.101562 0.936893 -0.0631073
2.4449 0.117188 0.913939 0.086061
2.4449 -0.117188 0.913939 -0.086061
2.43711 0.169887 0.836886 0.163114
2.43711 -0.169887 0.836886 -0.163114
2.43486 0.179688 0.818084 0.181916
2.43486 -0.179688 0.818084 -0.181916
2.43142 0.195312 0.80724 0.19276
2.43142 -0.195312 0.80724 -0.19276
2.4274 0.210938 0.792599 0.207401
2.4274 -0.210938 0.792599 -0.207401
2.42132 0.2325 0.770743 0.229257
2.42132 -0.2325 0.770743 -0.229257
2.41811 0.242188 0.751669 0.248331
2.41811 -0.242188 0.751669 -0.248331
2.42374 0.225023 0.770743 0.229257
2.42374 -0.225023 0.770743 -0.229257
2.44326 0.132812 0.887981 0.112019
2.44326 -0.132812 0.887981 -0.112019
2.44095 0.148438 0.864604 0.135396
2.44095 -0.148438 0.864604 -0.135396
2.43871 0.162466 0.836886 0.163114
2.43871 -0.162466 0.836886 -0.163114
2.37241 0.353897 0.679025 0.320975
2.37241 -0.353897 0.679025 -0.320975
2.36604 0.367188 0.67866 0.32134
2.36604 -0.367188 0.67866 -0.32134
2.31223 0.468318 0.619425 0.380575
2.31223 -0.468318 0.619425 -0.380575
2.29361 0.495521 0.578028 0.421972
2.29361 -0.495521 0.578028 -0.421972
2.30689 0.476562 0.598844 0.401156
2.30689 -0.476562 0.598844 -0.401156
2.29931 0.48778 0.583437 0.416563
2.29931 -0.48778 0.583437 -0.416563
2.34156 0.417608 0.661 0.339
2.34156 -0.417608 0.661 -0.339
2.33498 0.429688 0.644018 0.355982
2.33498 -0.429688 0.644018 -0.355982
2.35723 0.386171 0.675208 0.324792
2.35723 -0.386171 0.675208 -0.324792
2.35101 0.398438 0.666692 0.333308
2.35101 -0.398438 0.666692 -0.333308
2.36138 0.379177 0.675208 0.324792
2.36138 -0.379177 0.675208 -0.324792
2.3458 0.410249 0.661 0.339
2.3458 -0.410249 0.661 -0.339
2.32496 0.44763 0.634656 0.365344
2.32496 -0.44763 0.634656 -0.365344
2.31718 0.460649 0.616443 0.383557
2.31718 -0.460649 0.616443 -0.383557
2.32952 0.439918 0.634846 0.365154
2.32952 -0.439918 0.634846 -0.365154
2.405 0.278068 0.717457 0.282543
2.405 -0.278068 0.717457 -0.282543
2.40061 0.289062 0.710695 0.289305
2.40061 -0.289062 0.710695 -0.289305
2.39446 0.304688 0.709981 0.290019
2.39446 -0.304688 0.709981 -0.290019
2.41292 0.257812 0.740882 0.259118
2.41292 -0.257812 0.740882 -0.259118
2.40835 0.270964 0.717457 0.282543
2.40835 -0.270964 0.717457 -0.282543
2.3875 0.320975 0.696118 0.303882
2.3875 -0.320975 0.696118 -0.303882
2.38081 0.335938 0.693382 0.306618
2.38081 -0.335938 0.693382 -0.306618
2.39113 0.313655 0.696118 0.303882
2.39113 -0.313655 0.696118 -0.303882
2.37676 0.347476 0.679025 0.320975
2.37676 -0.347476 0.679025 -0.320975
2.00781 0.596053 -0.216971 0.783029
2.00781 -0.596053 -0.216971 -0.783029
2.02344 0.600307 -0.188069 0.811931
2.02344 -0.600307 -0.188069 -0.811931
2.03906 0.603292 -0.143517 0.856483
2.03906 -0.603292 -0.143517 -0.856483
2.05469 0.605543 -0.105005 0.894995
2.05469 -0.605543 -0.105005 -0.894995
2.07031 0.606958 -0.0626261 0.937374
2.07031 -0.606958 -0.0626261 -0.937374
2.08594 0.607631 -0.0147662 0.985234
2.08594 -0.607631 -0.0147662 -0.985234
2.10156 0.607426 0.0420071 0.957993
2.10156 -0.607426 0.0420071 -0.957993
2.11719 0.606261 0.098311 0.901689
2.11719 -0.606261 0.098311 -0.901689
2.13281 0.604019 0.152748 0.847252
2.13281 -0.604019 0.152748 -0.847252
2.14844 0.600627 0.199783 0.800217
2.14844 -0.600627 0.199783 -0.800217
2.17083 0.593401 0.250384 0.749616
2.17083 -0.593401 0.250384 -0.749616
2.17969 0.590189 0.298137 0.701863
2.17969 -0.590189 0.298137 -0.701863
2.16392 0.596311 0.250384 0.749616
2.16392 -0.596311 0.250384 -0.749616
2.23114 0.560189 0.416829 0.583171
2.23114 -0.560189 0.416829 -0.583171
2.24873 0.54575 0.469067 0.530933
2.24873 -0.54575 0.469067 -0.530933
2.24117 0.552542 0.454643 0.545357
2.24117 -0.552542 0.454643 -0.545357
2.19531 0.582943 0.341415 0.658585
2.19531 -0.582943 0.341415 -0.658585
2.2115 0.573637 0.382217 0.617783
2.2115 -0.573637 0.382217 -0.617783
2.20376 0.578499 0.370312 0.629688
2.20376 -0.578499 0.370312 -0.629688
2.22352 0.565884 0.41516 0.58484
2.22352 -0.565884 0.41516 -0.58484
2.26466 0.530215 0.516406 0.483594
2.26466 -0.530215 0.516406 -0.483594
2.27946 0.513432 0.551143 0.448857
2.27946 -0.513432 0.551143 -0.448857
2.27179 0.522562 0.529511 0.470489
2.27179 -0.522562 0.529511 -0.470489
2.2571 0.538187 0.49412 0.50588
2.2571 -0.538187 0.49412 -0.50588
2.28581 0.505703 0.555935 0.444065
2.28581 -0.505703 0.555935 -0.444065
